0 0 895 20
435 0 28 92
93 58 94 35
248 58 125 35
528 58 123 35
710 58 94 35
0 17 30 173
0 188 186 20
166 188 20 73
0 241 186 20
0 300 186 20
166 300 20 73
0 353 186 20
0 373 30 209
0 563 895 20
870 17 27 173
709 188 187 20
709 188 20 73
709 241 187 20
709 300 187 20
709 300 20 73
709 353 187 20
865 373 30 200
28 470 63 15
808 470 63 15
94 130 93 20
712 130 93 20
347 130 212 20
434 151 28 54
249 130 27 130
276 188 94 14
622 130 27 130
530 189 94 14
249 305 27 66
622 305 27 66
251 415 115 15
530 415 115 15
342 360 215 15
434 370 27 58
342 472 215 15
434 485 27 45
340 245 15 71
340 245 75 15
546 245 15 71
486 245 65 15
340 306 221 15
100 415 82 13
157 418 25 66
715 415 84 13
715 418 25 66
100 516 266 14
251 474 25 55
531 516 266 14
622 475 25 55
