30 18
30 35
30 52
45 52
60 52
75 52
90 52
30 66
30 81
45 18
60 18
75 18
90 18
105 18
105 35
105 52
105 66
105 81
45 81
60 81
75 81
90 81
105 98
105 114
105 130
105 146
105 162
105 178
105 194
90 194
75 194
60 194
45 194
30 194
30 207
30 221
45 221
60 221
60 233
60 246
105 208
105 224
105 246
90 246
75 246
45 246
30 246
30 257
30 269
45 269
60 269
75 269
90 269
105 269
120 269
135 269
150 269
165 269
180 269
195 269
243 269
257 269
272 269
288 269
303 269
318 269
335 269
349 269
364 269
379 269
394 269
409 269
409 257
409 246
409 207
409 221
394 221
379 221
379 233
394 246
379 246
364 246
349 246
335 246
335 18
349 18
364 18
379 18
394 18
409 18
409 35
409 52
394 52
379 52
364 52
349 52
409 66
409 81
394 81
379 81
364 81
349 81
335 35
335 52
335 66
335 81
335 98
335 114
335 130
335 146
335 162
335 178
335 194
409 194
409 194
394 194
379 194
364 194
349 194
335 208
335 224
120 52
135 52
150 52
165 52
180 52
196 52
211 52
228 52
243 52
260 52
275 52
290 52
305 52
320 52
120 224
135 224
150 224
165 224
180 224
196 224
211 224
228 224
243 224
260 224
275 224
290 224
305 224
320 224
120 18
135 18
150 18
165 18
180 18
196 18
196 35
243 18
243 35
260 18
275 18
290 18
305 18
320 18
150 66
150 81
165 81
180 81
196 81
290 66
243 81
260 81
275 81
290 81
120 194
135 194
150 194
165 194
180 194
196 194
196 208
243 194
243 208
260 194
275 194
290 194
305 194
320 194
150 248
165 248
180 248
196 248
243 248
260 248
275 248
290 248
